48
45
105
109
102
69
55
23
118
52
96
34
116
49
13
93
112
5
95
117
14
59
21
81
101
25
78
38
73
94
20
53
99
37
85
1
18
64
122
127
36
83
108
43
97
114
79
61
106
89
11
123
0
32
12
39
63
111
44
17
86
82
27
26
50
75
60
33
67
24
74
115
107
120
19
41
121
87
88
35
22
31
28
76
71
124
125
68
40
30
29
65
51
15
7
84
119
6
113
47
80
62
110
9
2
98
72
46
57
103
126
77
3
54
58
66
56
8
104
100
90
16
92
10
91
42
70
4